13350508042
15967322175
13560448757
18007092723
13953378960
13583667665
15850932388
18662232140
18716733355
13625640432
15979086255
13512090791
18621807658
13283130156
13805922286
17607970939
13958350627
13966773500
15896408612
18971368070
13559020909
15263155345
13861340808
13839333077
13584237885
13388539877
18551411668
18603793832
18962690198
15955907150
13635120673
13392102751
13852686998
18673197735
18798749957
13376699900
13976908972
13967831919
18052523182
13808903199
13387965282
15925791995
18942101208
18941416556
15097615687
18626669382
15872495816
13353358873
15917246922
13870925373
13808899371
13156347212
18589543255
18220935358
18638770158
13575812305
18057585313
13615232885
15180908636
13686280253
13913089265
13780045382
13528557192
15962981358
15824408088
13695888509
13815896160
13798882607
13616155190
15990177964
13820062130
15124772772
13052457246
13488092520
13872950318
18051720083
13838427900
15304325775
13967142161
18668270277
13564304629
15957914020
13343812652
18802785881
18115315188
13901666947
13670211563
15168982697
18858926123
15207135923
13916357677
13938857819
13907938961
13918535790
18710056085
13506557700
13754869009
13357212502
13917533025
15985871686
13575597108
13820025962
15133326129
13960830952
13656870127
13629428013
13566995351
13834220418
15876423995
13787866999
15962954801
13668091110
15555577910
18266388158
15031921115
13639881637
13851571705
15058488080
18657242797
18692121201
13628503757
13407567807
15089710411
13727414154
13950913661
13918546071
13301402637
13764190860
13143425915
18913859553
13970322126
18268419361
13893990473
13750261005
13676617828
18667866732
13660751057
13913887710
15051551646
13916222910
13841518168
13399540907
15001745413
15059898093
18292037699
13612753791
18971952838
13517748881
18155777707
15907725505
13995519843
13866188835
15252099960
13761823665
13421108176
15751820863
17707247701
13708373691
13936867500
15757836880
15907016133
13632311374
18761031815
13897016733
13987472256
13757523512
13313202828
13760752513
13402575343
15981949955
18981155403
18975840226
13338586033
13247090871
13801898897
13575707249
15762656555
13736488751
13007322158
15375377882
15068749071
13588238333
13477075510
13500566992
13148649692
15170537133
15860970607
13907343524
13307991788
13702776653
13914920605
13968282699
13671883383
18628687727
15837458866
13812913940
13658121799
13622629660
13293388899
13606622778
13015799336
13615780403
13871622294
18813141850
17805328109
13996191100
13390907887
15329823355
13651827966
15115128599
13776001957
13057493186
15866357812
15950404521
15640181681
18585817189
13600981001
18955787333
13655117786
13487089755
13330306688
18005469058
13656285576
18050571258
15295025329
15156788893
13803881030
15074441515
13886718052
13842818118
13954276561
15806008099
13575581280
13588495054
15949075528
18935229816
13959709887
15837613795
18621799062
18070328599
15858158962
13971543881
18653312577
18601796202
18639710555
13902862873
15167398770
13482846800
13459497651
13677000957
13205765556
18688896596
13819440880
13621636463
13320374380
15312845403
13505712134
15105749667
17707115518
15850633812
13856923792
13809728503
18938114082
13972544117
13907096623
13702201822
13939923325
18905939831
15852838208
13916131418
13646255168
13586497609
13206389363
15395599377
13829880911
15959010266
15224050169
13173916160
18001986903
13764669028
15800595758
18515206930
13761682515
13564421367
18537239615
13788778822
13823448012
13607191845
13867953933
13962634799
18650713272
13967865168
13975911115
13473822265
13862365865
15851674669
18022892289
13665231351
13806026295
13863151016
15750716797
18926112975
18964676417
13811251101
13857887465
18903147127
13861628376
13666556679
15805978668
13926627072
18943638999
13828698018
18074690717
13510773758
15927558820
18684832811
13567521794
13918069913
18968200876
18857289309
15306669126
18642738387
15618855057
15171777077
13922081360
13977083600
13605766542
13976179255
13805756602
18971215411
13511335257
18163634370
13760126116
13891484681
13380996206
18277364253
13609006700
13255111921
13851949126
17695471688
13346183693
13983469023
13735782675
18509198567
18134055111
18673198970
13776847611
13626636608
15834078818
15092859071
18711317307
13777266805
13666652544
13566708557
18193826693
13824066468
17751880900
18888309696
13912809899
13758021375
13782055877
13771991718
13585107900
13601531057
13588686037
18761194174
15990526912
13986196318
13840243390
13046600472
13116096673
13930020757
13977727860
13668694999
13584260781
18767565260
13973279866
13360910797
13586139555
13346769599
13605810291
13507927409
15920454772
17685314618
13543889170
13803780590
13616866651
13701671547
13543366168
13704525534
18969306110
17761903906
13657268540
13958321500
13884967869
13991181661
15300080062
15986888288
18061703065
15379518939
13861731080
13103075269
13205733331
13758316001
15658366622
13428928942
15807618300
13577009863
13701662346
13695886590
15857541360
18672332180
13428605881
13886478577
18112055055
13758526770
13591217475
13794127712
13951941995
18671232220
15219812187
13585672889
13335841801
13560538619
13079307120
13065855090
13605172002
15842457923
13857914856
13567238650
17712850358
15578133337
13376201877
18960029281
15698099766
15040048031
17601350705
18985160363
13586680980
13902777799
18657409545
13809756730
18962308118
13918918050
15136878687
13123883388
18657406521
13813072453
15305958765
15373290823
18993506688
15242005439
13571814201
18957128310
18918202300
13858261061
15957208185
18979177236
13860339121
18739699067
13802820611
18936077918
13921088985
13958016777
18662913988
13811112241
13913976997
13977087715
18872577758
13938832333
18173726991
13094643161
13511650360
15018863458
13953190058
15267666521
13570430731
15329330007
13841090899
18677526722
13543210667
13972137555
13915509763
15978392020
13922663637
13961552275
15203797391
15150775621
18170322155
15328246888
18273058008
13913629222
13865963108
13562151807
13307162158
13870999108
15838260968
13368027998
13750759906
13059676475
15962833238
18985725011
13733398700
15615318169
13956725950
13686539638
13583672368
18246959698
18959833968
18965241823
13399559766
13927726262
13588035131
18759127788
13906859119
15051273636
15996821668
15968702122
13518868326
18550034696
18605750396
13003350111
15954623455
13673665882
13536480033
13355590567
13902558581
15961946088
18913121273
13186884716
15959582337
13967350032
13788601195
13705930577
13917176836
13561007806
17620790567
13904927809
13937498668
13867352110
13912665011
13993768866
13368325078
13738297826
13309168858
18118633119
13886139393
13803629255
13618549191
13858377037
13914331618
18622818785
13599853768
18218098800
18858591601
18565280883
13582880459
18041680211
13628886177
15531268100
13853700153
18007560987
15860302108
13088665627
13828868628
13402048550
15925915509
13727028288
17621577366
13093019335
13570490032
13971220698
13811761142
15019377733
18685247020
13629010960
13454019071
18358273195
15858389291
13507660725
18670239990
13707311082
18018303911
13965028656
15375394931
13645213190
18371260008
13885386933
13580364155
18992629326
13571082285
15955000336
18924604240
18261877730
13757258674
13571060593
13958820910
15661743333
15167325371
15171706669
18258907781
18600108520
13906809248
13983381600
13709423139
13972094051
18639791566
18022991512
15960455515
15888507190
18708941081
13390810099
13601653189
13703958913
15951509509
13782009637
15123958295
18906916800
18922005663
18918778968
18068015252
18609859001
13932791897
13720210690
15199883313
15967607220
15349513933
18805363910
13818059558
15842075920
15089237320
13958878971
13673333534
13962152423
13966773136
13854475373
18653290777
13913268124
18965132808
15963992252
18510606202
13607112370
13823892000
13703488626
13802659947
13858241039
13851934607
15048319848
13636674671
15904115570
13795806541
18657137366
13864477009
13411602566
17325727675
15860278818
13382266700
18605729992
13616895343
17706172178
17706172179
13567550272
13727985867
15801545507
13732283311
13507969952
18052820880
18627785044
15655556558
13907426696
15850033447
18388438021
13735898766
18913646638
13914727174
13777741201
18902849814
18673113985
15329808420
13165681666
18811990048
18360353818
18916616315
15067289884
15261240281
13590089986
13825022339
18990942001
15022219595
13681622142
13595802740
18397501028
15819320281
13704769343
18973462020
13775290160
18706065618
13306612806
18938401953
18977775822
13860567808
15370152215
15060981323
18367635670
13544281508
18640907177
13944419796
13605901133
13702840740
13613072270
13680684220
15951834357
13302190677
15215826500
18953637782
13961858205
18956635669
13903055847
15773899950
13967209717
17372578116
13190009979
13765959880
13505572157
18651655552
18300552218
18607917173
18322926088
15879067118
18616531220
17775697826
13420053605
13734122984
13820585993
13774244683
13377322005
18608404656
13323060890
13901510451
13715866516
18539565771
15015233300
18779789651
15261611673
18601706983
13531086669
18567026628
17707460951
13918436752
15301610002
18859383263
18677237895
18022033883
18050372392
13483512951
15302816370
13907298955
13310860568
13255577575
13481109458
13767739382
15000483917
13980760839
18956664026
18971690081
13685155162
13553843588
13997542940
15825770042
13618556878
15392926363
13827202348
13606858252
18014884525
13906049117
13052725574
15862881224
13777999298
15934981668
18086768555
13398972211
13815721626
15573138101
18132222779
13486584878
13063688181
15572172398
18980352261
13901436960
13349962560
13794222982
18967577108
18275816866
18267166697
18107051055
18059830166
13051276717
15631290668
13086069510
13918102740
13928849944
13736223782
17610680686
13904797918
13907726319
13960669198
13814006384
13863338627
13924353880
13702791890
15167876367
13579031278
15923465966
18508133886
18125360418
15098735790
13052221667
15926361655
13960303085
13761539332
18657511556
18607948986
18058526902
13456090717
18358977520
13477015985
18607513080
13858968872
15282148913
18640498859
15895543655
13957229445
13850660131
13916594233
18046878990
13670653826
13306871913
15003991950
13538884685
15857314123
13861135386
13600365588
13842204134
13396499649
13884416268
15966689419
13779971335
15057811127
17671697072
13950292947
18767523819
18623118383
13805580898
13986135551
13646919192
18300619622
13857315357
18107590102
17503761123
15961165895
13647226229
18815008270
13775708975
18656157633
15024669095
13981420378
18722995546
18656312861
18266388198
13890260286
13826014211
18019515535
13707939395
18046293199
13902421662
13957220118
18802552077
13193206338
13501997226
17756555608
13109221941
18051072835
13580903301
13478173567
13812847360
13666026299
15820660399
13707286693
18604361780
18190068996
13349638952
13586626613
18362308198
15058968858
13992822451
13960759885
15957339393
13827670298
15766003021
13586001276
15961818712
13889326955
13011317044
13175802986
15118855300
13829372238
15521304945
18749086649
18120026066
15880232580
15940998591
13681684401
13145545555
17712300112
17730508057
18669852185
18825218628
18996930969
15296621797
13867528121
15605541522
13638591959
13476767383
15613131860
18086186600
13855352701
13562361490
13502153956
18906903338
13862567953
13507083078
18650577676
15957591001
18638599706
13949735959
13099328520
18021820899
18595440775
13858612010
13588608171
13764003354
18936167676
13911037321
18156082510
13616830888
13910116999
13752243534
15961818198
15973160389
17778893907
13696930053
13576150576
15051708746
13817296831
13801935511
13966138636
18657300270
13862289912
18016400436
13095961910
15873296655
15305809615
17090202188
13606927733
15350135650
15910627642
15308623811
13753253395
13168660721
17315815860
15957485648
13756305356
13878270163
13056769915
15766988826
13916760110
13033031399
13036869922
18688834988
15589892572
18615460299
15019301952
13971344003
15943836899
18116239292
15979832635
15820537195
13992236803
18077328391
13233721051
13328093732
15151911383
13941131115
13515819079
13918403908
13501714399
15079799057
15000745573
13713392111
13404900934
13531381893
13827935923
15653337771
15825209787
18974451697
18613058991
18906612089
18973627070
13372192653
13606964808
18516182352
13877281328
18255198965
13706317639
18058360901
13639891314
15279799266
18810383467
18158766282
13553235151
13466665760
13305000821
18760201107
15888101858
15119903863
13470287188
15155696907
18015581483
13337147980
15951786651
13824238787
13962521709
15237740770
13072029809
18919606122
13477275181
18057187658
13248560823
13466302030
13927256601
15301495270
18115622091
13566159449
18969803373
13816550216
15027360902
13751909945
15388081733
18841466556
13676555673
18973484236
13480619882
13927878366
13612447277
15927604286
13376977697
13989711136
13989890461
15862621332
13760016716
13382196704
13773962055
18620306708
13923660962
13042338009
13567538605
18017025191
18274678868
15303511117
15000047832
15689976928
13705954330
13066886303
13805384662
18577638048
13861071335
13994642680
13711867993
18166882131
18221669616
13757519095
15250103550
13757198787
18777710122
13953661355
13928028948
18607462991
15900000545
18075169422
18219077067
13571590350
13363815566
15868653949
15607424864
13761266198
18075087682
15809150055
13736838172
15998626165
15372185095
13570131903
13222666698
13854587298
18768183210
13862084060
13910263321
18638183839
13501945545
18968306680
13990899948
15989142427
18692999721
13501804396
15308210187
13824331796
13701430288
18767055665
15808117562
18533515626
18668028860
18004042257
15840489408
18983540212
18683109788
15564336100
13979836158
18605971901
13968027166
13885326113
13802168951
13967261971
18605716556
13773807267
13777420984
18610267645
18622930097
13976589109
13859957532
13574062294
13794896064
15977070500
13352012277
13606291532
15358839694
13855008480
15820257166
13336651823
13435985576
13872170058
18991691456
13701955499
13828433180
15067389081
15958713998
18077968828
17603458685
15949312530
13637486717
13822323700
15060427228
13777178590
13857676041
13656828283
18868026036
17862029886
15028670227
13666401555
13564887608
13805958316
13567971924
13827212344
18640949961
13375692934
18761716102
13888000264
13537017108
13996222104
13760530277
15902591616
18551169666
15019703111
18925713693
13946820247
13509264888
18662128882
18975851117
18810081981
13811521328
15874555521
13978138037
18223602959
15857203198
18995555313
18656696876
13959949588
18301814991
18559910185
15857476544
15059372229
13590433892
13760157976
13508480218
13735427700
15832889095
17787705559
15335351062
13616868928
13567890247
15225121021
13524033111
13540775696
13918222268
13996750605
13773742691
18680807111
18857811807
13055588805
15154080809
13912314184
13857821913
18234862151
15078000606
13780035851
18307898816
17858321933
18062046259
15805721868
15572598846
13951116067
15066666705
15856453808
13636631400
13975597184
13567417785
17777373035
13608228578
13626588770
18155001992
13914054600
15588411774
15942700807
18107346838
13678777723
13735622577
13973873421
13595772119
13824739839
13701923977
18128828322
13528666426
13855188907
15268348297
13917997233
17707090611
13788329774
15968906752
18017305592
18103786369
13760412986
13683001868
18368679090
13808850132
13736396581
13707858300
18702275265
13326610839
13736043628
15847812669
13466377736
13231090180
13405906707
13616251570
18957008956
18635901989
15986937843
15857169899
15535318288
18986122480
15674107478
18009712208
13886706181
15058588018
18654777886
15246067846
13582124159
13738130365
13818355469
13567199177
13771778270
18922306332
18850398988
18958662002
13856022521
13153152502
18267718337
13515841695
13266765978
13033335777
13811394507
13705918869
18973862727
13724647414
13575472872
15905284748
13508639877
13695800722
18531850910
13917477335
15962460069
13558375682
13858578689
18990040669
17755522108
15869259588
13777384436
15921871393
18666145899
15065502789
17775275695
18985877596
13967143696
13972532966
13795305698
15898530282
18953899857
13857404480
15978197108
15091090331
13348469039
18857366676
18216883025
13805128629
15896027988
13905721040
15125368866
13884425105
13607724847
13548308700
13923721330
15841339090
13851525151
13888898128
18318914080
13685915856
15097582855
15899870582
15921518785
13244434657
18922577055
13774377794
13393509887
15261702981
13720322778
13757592134
18224621000
13764809008
15805905608
15872880880
13503510437
18655303200
17684080085
15030055894
18520192488
15962379688
15958082592
18516505521
15962233309
13946487656
15700196960
13418416207
15988775639
13588702218
18724154139
18833321658
15060897377
18588862399
13941264927
13775946858
15927699128
13605323735
18653168159
15733666678
18678191019
13645836571
13947683759
18867127105
13878627520
13606886661
13810324625
13392944981
15989763737
17738861129
15370388519
15932108651
13400181118
13108981766
13788833798
13986138567
15362163322
13815403007
13586831039
13786365250
18072780895
13794081888
15035599595
15158905280
13186986167
13311695035
15725500666
18921227912
13585079853
13187119911
13153909670
18384611112
18024005070
18877755940
15510963327
15819439950
13314221124
13925285788
15106709868
13338026180
18551695809
18718856915
13987774109
15931088011
13671954246
13931417174
15060573033
13828644928
18976252097
13590498878
15003538467
15859800269
13891050910
13922844520
15833265824
13390079900
13819426020
13902734811
13908876332
15573590708
13915563660
13903865585
13671776753
13876506665
18216071984
17354988286
18686182366
15961188252
15958328584
13232635101
17826167073
13285088008
13775442302
13335111137
18070135838
15807496542
13641291476
13780119145
18913729582
15177266645
15502954153
13576026316
13914727994
18820258160
15333178339
18580181834
18073341011
13738401048
13588539575
15136600909
15524158110
13668123656
18008378575
15898129103
13778806398
13952825616
13958111989
13323820911
13567614611
14793944555
18640214341
15072459024
13851452845
13666530266
15159200206
18635051076
18686865430
13646834184
13794950415
15871712591
15061494477
13906230416
18538367492
18601045454
18125292882
15000765924
15805979088
13858218565
13934328932
13506257160
13427827000
17315802921
13586429239
18291253233
13754671806
15236653035
13401685325
18957368813
15214762880
18918928883
18604037167
17317711217
13817678756
15610107822
15840218892
13806510699
18757526375
18052626667
13653441999
18858012806
18016061271
18683838817
18908099943
13757181196
13855197071
13819147520
18503814424
18573631130
13771300487
18681390189
18946164716
18907308530
13056896619
15969720119
15110299285
18629009705
15967655065
13961153153
18068015755
15940933136
13818933772
13588508316
13570362239
13859225950
13486090020
15615791869
18956922059
18608952899
18668804412
13858018867
15974000230
18049598206
13840720477
15235159559
13940912983
13868053732
13832470706
13729296904
13957382760
18013695053
13886188022
13761424444
15601866749
13564933964
15989860526
18986115285
17711667559
13857421322
13586401286
18021629833
13566005644
18980451712
15150172933
13920648009
13803350898
18056003430
15767140957
13176887075
13750059984
17711732838
13984098078
13464787988
13950115739
13556177441
15188557025
15220776519
13553517867
15395132736
13812868718
15373333303
15142005611
13399699617
13840017636
13078391230
18915328893
13575312926
15857668363
13955880034
13429108255
13813530789
13576953044
13774767697
13951783617
13424606731
15906337239
17677537200
13901481633
15301468111
18817261039
18805908600
13950137994
13987377232
18965021086
18602700567
15867883735
17712085850
13963963500
18668216007
13918833315
13379219971
15518615139
18861781265
13327037977
18258063567
15827371222
13707486691
15215726861
15995732852
13370585518
13842652233
18055758567
13806956102
18681333334
13582799789
18621900691
13450619856
13605186232
18670300844
13907925560
18860652177
13600540671
18370098800
13906371118
18930632119
13379019212
18086667921
18677008698
13636636101
18298100928
15073667858
15990756223
13897076038
13873684668
13901567790
13735796767
13636829597
15880267889
18545552560
13633184256
17720322616
13395951111
13616830960
13038858711
13926530824
18147775876
15615086765
15858110175
18083738883
15962021314
13922633228
18017711336
17807313762
15700078727
15861922111
13638608008
13951952533
18662240142
13636122333
13646352989
13905659131
15602222045
13677121272
13970050796
18233921333
18630118181
15935299401
18241756816
13913740161
18031003606
18637981155
18915513816
13641670547
13533305679
18805135714
13682060263
13866181748
17710792319
18630939912
18652695955
13622024992
13816155366
13423570551
13258555308
13510401604
15866982880
13505176940
15161414488
18322692610
15968515011
15295588507
15024371386
15822018075
13011258428
13332232928
15006315861
13771179108
13757360602
13511061570
15066855820
13862676428
13952930248
13173604913
13501962073
13915389123
18622763787
18086634260
13373900040
18621908985
18991236222
15196286291
17706450156
18013522389
18913822883
18906856563
13390021168
18750817751
13370576777
18918366679
18873346656
15961135753
13033498866
13817681946
13656160215
15821481386
13616247168
13810853810
13336750838
15625885088
13686871010
13871672447
18645979686
13307760788
13877718215
13903972098
13816559219
15373516216
18674809887
13349866738
13338880624
15166851305
15052120855
13983814934
13210838518
15896013808
15888991785
13173743390
15566905388
18979133013
13516166642
13986336920
13905715301
15071992777
13808066679
18605139020
18662928032
13711681180
13911076928
15270200061
13585230400
13482815036
13318866692
18857456655
13913599891
13501890179
18354845777
13818764982
15954689909
13403749977
13893442913
15150968003
15566267955
13807955771
13701622987
18627570569
18670716635
18903715151
13729949784
13818800265
13865950968
13454753754
15067981282
18815020559
13830446663
13816959483
13586799680
17786505233
15840965450
13983824360
13666633900
18505966016
13376562526
18658562015
13830106343
13962826858
13820249437
13711975510
13925088059
13757790813
13678748097
18612633845
15855145416
13765645550
15068684811
13210195775
13456798007
13685291796
15967066359
13767005158
13603706916
13100258624
15980670090
15951207315
18537187155
13818495294
13994022342
13415311160
18073367278
13307841111
18639120700
13887498638
18091469303
13922704265
13917547883
15859562018
18176640503
18942317705
18205275707
13627218988
13972491760
15048688306
13707018921
15851211678
18175156117
18958032881
18617202180
13775062220
13451783683
18621550342
15211932620
13170602168
15929976158
13806106261
15980789911
13589903976
13787920009
15861689784
13256786578
13588853523
15927398601
15989515177
18657926781
13505576900
15312046233
13851199995
13676167588
13678886155
13467194040
13995652330
18656551695
18117286621
13061692872
13703739700
15916401481
13013777152
13890117898
13735677321
18604580153
13973193543
18802231179
15834910059
13905846419
18773079870
13613837171
18809838333
13456880270
15697395800
13666157881
13956302025
18050026181
13926288234
13062622890
13767088359
13998992488
13602638534
18651830662
18559208606
18680755985
15805914071
15056803080
15694710949
13575818095
13685322428
13738875168
13083989073
13798769077
18188185475
13803139997
18658299224
17721335166
13656216406
17746590610
13732636866
18913695080
13625094852
15553665257
13205153230
13963822689
13973907359
13757644612
13824822767
13981109081
13861384964
15958833828
13834480066
13661740374
13564989551
15241200287
18992855397
13657711001
13982201401
13736001038
15999626066
13478210199
13757807830
13476969079
13608986028
13127399919
15995053818
13698915271
13810210891
15961548894
13703068180
18668010006
13034972999
13822411441
13968994511
18587006660
13962853773
13985516628
15865610581
15957668628
17626622626
13908264702
13376783500
15515357856
13852198245
13424612248
15079844997
18607198418
13777003200
18049070911
13468936510
13798692685
13636308276
13830028355
18539394599
13696888818
13770301546
13928075591
13389231102
13738080673
13817992301
15552705888
15807992858
13466769550
18603733857
18974715354
18071112907
13487076860
15164344567
18069258919
18081098288
13848260727
13560590504
13860715155
13917841315
15082189218
15115236466
18661144700
13591793310
13905056123
18571648698
15888995070
13939788346
17737130378
18093354966
18764385218
13974711692
13621879310
13432921973
18857929499
13100688668
18963290345
13706735490
13880788828
13564477805
13858538009
13660496437
18693106808
13523060895
18601763395
15935388833
13078318788
13907701231
17755023573
15921647731
15084007855
13955075527
13079298576
18377185098
18240058131
17689661887
13787785023
15699800012
13352677828
13994648900
15041745868
15261704969
13910708289
13926139332
13942620608
18921688091
15555350705
13617628599
18908079417
13906669388
13962493730
13688005943
13659809981
18673330911
13564843335
15606313965
13780173646
13662381384
13408748881
15395379626
13827722218
13771450409
15056537715
18253258121
13588274257
13105712990
13965581860
13065670002
18919317112
13859192976
13970439628
18367621680
18173400050
15067580511
13979796767
13675898489
13407355322
15215777763
18305830585
15966966726
13623159531
13304048440
15847173580
15020366982
18947144974
13326753701
13705927318
15867986085
13764475470
15175189100
18688139883
18692699676
13718685268
15757583391
15961349191
15815380622
13482020711
13436146860
18961966780
13402583400
15267828531
13918366641
13756633100
13988189859
13771055505
13153022906
13278208883
13970544868
15295411304
13776406216
13832176320
13807230123
13889588470
13464392962
15156409915
13962371166
15815948409
18789400637
18272663999
13681812260
15310323962
18373379988
13631551060
13429358327
13775003737
15505019851
15850295885
13003014257
18680732183
18696277799
15022774164
13750808119
13902871074
18960863589
13714815688
13306825505
13838040836
13615805112
18800525825
13820841694
15958931750
18920626251
18819818923
13713996419
13689346176
15126098080
13702397298
13056662626
15013143443
18657279797
18671615998
18661759669
15986675527
13700600940
13617425013
13509985430
18072884800
13788922303
15829557227
13733906688
13906571839
13905515015
13862218332
18095608787
17750044802
18570059755
13512744490
15989799000
13826973840
13816932028
13586061100
15605579181
13655837138
13321840502
13478929279
15850571206
15981164567
18635110090
13500129309
18973443850
15053415059
15606958695
15657878008
13952665791
17507570377